red = [188 52 45];
green = [50 138 34];
blue = [6 127 210];

maze = generate_maze(15, 15);
